0.0 0.6791450083255768 0.18480899930000305 0.028035998344421387 0.03639298677444458
0.0 0.6740550100803375 0.33713099360466003 0.028035998344421387 0.03830599784851074
0.0 0.4770910143852234 0.12543701007962227 0.031854987144470215 0.04027300328016281
0.0 0.5210730135440826 0.30169400572776794 0.028035998344421387 0.03639298677444458
0.0 0.4069820046424866 0.2518579959869385 0.02676403522491455 0.040219008922576904
0.0 0.27058202028274536 0.08808699995279312 0.031854987144470215 0.038360998034477234
0.0 0.4955819994211197 0.4434430003166199 0.03058198094367981 0.03639298677444458
0.0 0.36618202924728394 0.3927049934864044 0.02676403522491455 0.03830599784851074
0.0 0.22723597288131714 0.36109301447868347 0.02930903434753418 0.040219008922576904
0.0 0.22723597288131714 0.5566120147705078 0.02930903434753418 0.03234994411468506
0.0 0.3011639714241028 0.7882789969444275 0.02676403522491455 0.036448001861572266
