2.0 0.30905853583379733 0.3795996350248708 0.151668444521463 0.13136958089462564
0.0 0.8472662081708491 0.1063238220320205 0.0427638513473948 0.042031839014025324
0.0 0.7186287287042247 0.24397056963471375 0.05490501228736133 0.04667596991085021
0.0 0.5534892551646113 0.2833313778910075 0.05490502682329179 0.0466759731897719
0.0 0.7004600247749199 0.42208718786612004 0.035107734814592284 0.03268504638261316
0.0 0.5297706504820318 0.459535328562723 0.04530186307377959 0.0368899505873439
0.0 0.08087195079331505 0.4616571173719818 0.04815539111863332 0.04134350485221755
0.0 0.2606460093244742 0.5824679143362296 0.0370568286736529 0.03312471042945142
0.0 0.10746956458231577 0.6022544951300719 0.04095292321777089 0.03400356635840984
0.0 0.04240557644513332 0.6496255713848614 0.04349067856151767 0.028860709543275798
0.0 0.5873866381344114 0.5425130356243921 0.030443009141789767 0.02020219292994918
0.0 0.7618825477853917 0.49471357512897374 0.032391070949779555 0.020641624173350026
0.0 0.7007564711392026 0.5686174136770471 0.0355605932421692 0.034692632826311076
0.0 0.4397282114782571 0.790970230274521 0.030306159497679452 0.0277920641532603
0.0 0.9078042751161389 0.683275944147601 0.03914193260032062 0.025975307199777697
