0.0 0.2151850014925003 0.33703699707984924 0.16296300292015076 0.07777798175811768
0.0 0.09203699976205826 0.598147988319397 0.1685190051794052 0.11481499671936035
0.0 0.27074098587036133 0.5287039875984192 0.14814800024032593 0.12037003040313721
0.0 0.4448150098323822 0.4120369851589203 0.12963002920150757 0.08333301544189453
0.0 0.35407400131225586 0.4148150086402893 0.1370369791984558 0.06666702032089233
0.0 0.26055601239204407 0.6537039875984192 0.1537039875984192 0.09629595279693604
0.0 0.48000000417232513 0.5435190200805664 0.20740702748298645 0.07222199440002441
0.0 0.6003699898719788 0.4990740120410919 0.1222219467163086 0.09444397687911987
0.0 0.6050000190734863 0.5944439768791199 0.1499999761581421 0.09629595279693604
0.0 0.6938890218734741 0.5666670203208923 0.12407398223876953 0.11111104488372803
0.0 0.761480987071991 0.4268519878387451 0.15555596351623535 0.10925900936126709
0.0 0.9225929975509644 0.350926011800766 0.11851894855499268 0.13148099184036255
0.0 0.8299999833106995 0.5962960124015808 0.15555596351623535 0.10000002384185791
