2.0 0.4822869896888733 0.5409121513366699 0.14918923377990723 0.1190338134765625
0.0 0.9903632318601012 0.2610827088356018 0.019273536279797554 0.03742021322250366
0.0 0.8788750022649765 0.3874254524707794 0.053988903760910034 0.04241037368774414
0.0 0.7187082171440125 0.43671339750289917 0.05398893356323242 0.04241037368774414
0.0 0.864221602678299 0.5357111692428589 0.0345819890499115 0.029312729835510254
0.0 0.6986167728900909 0.5839957594871521 0.04451167583465576 0.03373873233795166
0.0 0.2614441514015198 0.6317632794380188 0.04736042022705078 0.03751015663146973
0.0 0.4386000633239746 0.7126460075378418 0.03647279739379883 0.029877424240112305
0.0 0.28975045680999756 0.7446162104606628 0.0402524471282959 0.031006217002868652
0.0 0.22718989849090576 0.7902288436889648 0.04259347915649414 0.02732396125793457
0.0 0.756149597465992 0.6463015675544739 0.02981497347354889 0.019126415252685547
0.0 0.9252850413322449 0.5891172885894775 0.031704798340797424 0.019690871238708496
0.0 0.8670130111277103 0.6561377644538879 0.03506160527467728 0.030916690826416016
0.0 0.6165799200534821 0.8656875491142273 0.029843389987945557 0.02497696876525879
