2.0 0.3402320146560669 0.3405350148677826 0.13180804252624512 0.10493797063827515
0.0 0.9253809992223978 0.19238699972629547 0.035947997123003006 0.034979015588760376
0.0 0.7696080133318901 0.29835399985313416 0.04792998731136322 0.037037014961242676
0.0 0.5998550057411194 0.30041199922561646 0.047930002212524414 0.037037014961242676
0.0 0.7126910090446472 0.4681070148944855 0.02995598316192627 0.026749014854431152
0.0 0.5379450023174286 0.46707800030708313 0.039942026138305664 0.028806984424591064
0.0 0.0995820164680481 0.3703700006008148 0.04193902015686035 0.03292196989059448
0.0 0.24836599826812744 0.5277780294418335 0.031954050064086914 0.026749014854431152
0.0 0.09459000825881958 0.5133739709854126 0.03594803810119629 0.026749014854431152
0.0 0.02069699764251709 0.5452669858932495 0.039942026138305664 0.020576000213623047
0.0 0.5758900046348572 0.560699999332428 0.027958989143371582 0.014402985572814941
0.0 0.7566270008683205 0.55246901512146 0.029955998063087463 0.014402985572814941
0.0 0.6807369887828827 0.6111109852790833 0.02995598316192627 0.02880704402923584
0.0 0.37717902660369873 0.770576000213623 0.025961995124816895 0.022634029388427734
0.0 0.8574800044298172 0.7685189843177795 0.0359480082988739 0.018519043922424316
