2.0 0.7135490679932746 0.5051656320896087 0.1592086256170271 0.15517219918185676
0.0 0.17242635781133642 0.27678967746269 0.04550675746218036 0.04901020944852502
0.0 0.3107004953136639 0.40757505752510104 0.05752580319774514 0.055245568540143675
0.0 0.47123563328382634 0.43077866730744746 0.05752580319774514 0.05524556854014373
0.0 0.34984215186069156 0.5932127871850117 0.03713442332334682 0.03831657693282753
0.0 0.5153725632404954 0.6137876233136867 0.04726378392741443 0.043873901978611185
0.0 0.9387934128196322 0.566377917750247 0.05050408239510462 0.048881309896900316
0.0 0.7842596192710134 0.7135346503622612 0.03902608718695555 0.03899529985451067
0.0 0.9310984021884666 0.7174397365113538 0.04280742524158865 0.040352140691689464
0.0 0.9880022670488587 0.7601498823686392 0.02399546590228252 0.03521468940022787
0.0 0.47131613942208783 0.7075770900452951 0.031194272651836885 0.02464988581443861
0.0 0.30091807039484697 0.6765180647903271 0.033085001377711754 0.025328313236869016
0.0 0.3676734488386894 0.7476161384911115 0.03780946605549851 0.040481685764253705
0.0 0.6412164737722881 0.9529984376017842 0.032003421055167736 0.03263080644595573
0.0 0.18666944221144915 0.8913076881900777 0.0401079619961536 0.03169401785700687
