2.0 0.5127285630981921 0.4657977924584315 0.13527937028276493 0.11965972126331514
0.0 0.005360439844956122 0.48970920207453017 0.010720879689912245 0.03788894953305344
0.0 0.14684930450753136 0.538310710076942 0.04891217831698612 0.042585352248123876
0.0 0.2878498597186654 0.4975650474582186 0.04891219064911939 0.042585355974095906
0.0 0.23632895162379536 0.6643319143966221 0.03146878387317645 0.0295908940456886
0.0 0.38069107987611683 0.6197872258726218 0.04024691796092533 0.03378819400333721
0.0 0.7193371060478214 0.4302744945272826 0.04292684369318689 0.03768741048175123
0.0 0.6354978769858444 0.5975307034940245 0.033122374959062895 0.030090502199422553
0.0 0.7591665066235731 0.5471787717244558 0.03642778130364466 0.031089181966900692
0.0 0.8282814698552675 0.5550527327220056 0.038192219896467705 0.0269876036242932
0.0 0.3726587993460957 0.7066274284187297 0.026734145197368053 0.018891037941777822
0.0 0.22102698475048316 0.745019357320184 0.028386860701792305 0.0193903815514892
0.0 0.2984719908166633 0.7744944548441632 0.03198252906496463 0.03129127556109956
0.0 0.5895023832502058 0.830343999109098 0.027136154968623982 0.02519233768353535
0.0 0.19149398499307374 0.9487416770079375 0.03437331151943682 0.02428942132560652
