0.0 0.2510584066559146 0.8271735552870592 0.06119345979165203 0.05758194125446403
0.0 0.31705419015996716 0.746729428395474 0.07777316469423606 0.04961854333688198
0.0 0.35452338133177125 0.9154592941005611 0.07024786281027706 0.06809294848265757
0.0 0.5373625578761974 0.9048389895502489 0.06424575058686333 0.06859377709411751
0.0 0.514615206349931 0.8236188019349542 0.07604985416075494 0.06950514456985302
0.0 0.5348929328646279 0.7877285193619846 0.048918863021739534 0.05782484190851345
0.0 0.609805171954036 0.7673703145164925 0.06484382418038637 0.06285466833146003
0.0 0.6025138756280476 0.8507756654188627 0.05058586445676805 0.045193366560650206
0.0 0.4924274876059358 0.6177926412818039 0.07890340300464299 0.08242961661263748
0.0 0.6111980309279663 0.6339168700568125 0.029584458172690065 0.02842921661995601
0.0 0.6780941101975022 0.5719610605726833 0.03390456664359365 0.0306343399626553
0.0 0.7713017109169582 0.6634855903713435 0.07576362158619598 0.05882065592856156
0.0 0.9113368609045409 0.7630695930414402 0.05869962612401869 0.05801401255356875
0.0 0.8633983147021096 0.5331000120491365 0.040734730085566606 0.04233413438590805
0.0 0.9261533029849507 0.435602836053899 0.05851502855618518 0.06985196347168576
0.0 0.9101053379661088 0.19837814720877783 0.04219313714097772 0.061472628254557155
