0.0 0.26822166161277505 0.26771714322826756 0.17770248498077854 0.11798788926681575
0.0 0.08850363909295152 0.4871262808063278 0.17700727818590303 0.1551794246639439
0.0 0.2712839181309851 0.4672499105614938 0.17463994191777252 0.15516761901458032
0.0 0.46995653381870406 0.4006004765627852 0.1470131197390025 0.11455896968179441
0.0 0.3816931353281616 0.3793585244723491 0.14976445620764872 0.1004352010468274
0.0 0.22850596997265948 0.5851430012670886 0.1736528294132017 0.1334098671865095
0.0 0.4692347537064529 0.53670700971718 0.21910959543492015 0.1243450524787969
0.0 0.597063508942493 0.525566923013373 0.14279623869654912 0.12332391579335694
0.0 0.5763877338012443 0.6187837653001724 0.17007984764255601 0.13243339290812972
0.0 0.669455013906681 0.6154228862202177 0.14897663331248379 0.1398896300710415
0.0 0.7715148073337219 0.4983728301202263 0.17885669225463008 0.14640258398020534
0.0 0.9362247308495647 0.46760608007939225 0.1275505383008706 0.15807453654970327
0.0 0.7929400632144472 0.6798861594270749 0.1764157815421844 0.13747113573579972
