0.0 0.8757049925625324 0.543956995010376 0.029187001287937164 0.04191005229949951
0.0 0.771282009780407 0.35633501410484314 0.046049997210502625 0.07017499208450317
0.0 0.7641479894518852 0.446491003036499 0.043456003069877625 0.05360597372055054
0.0 0.8056579977273941 0.5980510115623474 0.03826698660850525 0.04873299598693848
0.0 0.749879002571106 0.533236026763916 0.0525360107421875 0.05165696144104004
0.0 0.7550680041313171 0.6852830052375793 0.04475301504135132 0.026316046714782715
0.0 0.7255569994449615 0.6297270059585571 0.03891497850418091 0.04775798320770264
0.0 0.6898840069770813 0.6000000238418579 0.04021298885345459 0.058480024337768555
0.0 0.704802006483078 0.6784600019454956 0.03891497850418091 0.045809030532836914
0.0 0.6551840007305145 0.6268029808998108 0.03826701641082764 0.03216397762298584
0.0 0.6302140057086945 0.4284600019454956 0.04540097713470459 0.06432700157165527
0.0 0.6224310100078583 0.5293369889259338 0.03761798143386841 0.03021395206451416
0.0 0.5812450051307678 0.62534099817276 0.06421101093292236 0.04093599319458008
0.0 0.5303309857845306 0.5751460194587708 0.04799598455429077 0.05555593967437744
0.0 0.4557430148124695 0.523002028465271 0.04929304122924805 0.058480024337768555
0.0 0.521575003862381 0.5225149989128113 0.06161600351333618 0.057505011558532715
0.0 0.5533559918403625 0.47475601732730865 0.051239013671875 0.063353031873703
0.0 0.5760560035705566 0.5161790251731873 0.03697001934051514 0.07797300815582275
