3.0 0.8130045113470752 0.14613369493953962 0.13993976190485158 0.13649543774924988
3.0 0.5620978153702021 0.03857290192032918 0.1265701137890755 0.07714580384065836
3.0 0.9363797887662371 0.3870110084207897 0.12724042246752598 0.10300291810800238
3.0 0.7299621878494229 0.43786861638782304 0.1199707267812905 0.10149689729234807
3.0 0.5405245979831559 0.3634297119903171 0.10840029427729625 0.08018702159841296
3.0 0.4108083074469061 0.22548481108481533 0.12994161932280263 0.1280376453578103
3.0 0.14503852916896665 0.17370940789628675 0.2900770583379333 0.23566064187311883
3.0 0.8591023671400763 0.8068277165989056 0.15661724553056366 0.08970657766032342
3.0 0.05673204568365675 0.6553384506244175 0.1134640913673135 0.09393537828950438
3.0 0.4408706304032842 0.6164633066765483 0.8817412608065684 0.4487148323426809
