0.0 0.8018223808271427 0.21704860172274892 0.07595790407645253 0.12387771238317802
0.0 0.7594217865448836 0.3716473071434544 0.0802460133800379 0.12510901597326696
0.0 0.6052840538079565 0.05705098568056243 0.051899792010299595 0.06792192078201593
0.0 0.5903681103112859 0.5266843745802775 0.040026432329743566 0.07036879119198813
0.0 0.2592014515572713 0.23388695194710546 0.06941152191688196 0.06318533774389767
0.0 0.92984636751198 0.1057578568970759 0.07772104504900734 0.05383487421923627
0.0 0.7782956398391472 0.9286948377031787 0.04784957166347448 0.06479029090691935
0.0 0.6955780795376553 0.8769509060010792 0.04729893929652684 0.04112222472695859
0.0 0.7661226026031528 0.5752163556983652 0.11193963743865853 0.10684823380056552
0.0 0.7810245337514752 0.655592386953449 0.04465572233074422 0.059243757778028594
0.0 0.6782568085758565 0.6628559380806842 0.016922819564924474 0.019330185119787457
0.0 0.738526049972939 0.6236279025272866 0.02366186728454056 0.0225962473180642
0.0 0.7227349465578532 0.6178945770822553 0.017194104545869004 0.014814696957880069
0.0 0.6949508826438628 0.5469929236252916 0.010297847751625455 0.012819637159945385
0.0 0.9630117926275886 0.43515437659216577 0.055715669837383075 0.03777967676628513
0.0 0.9722043543176859 0.4502369691402358 0.0482006191434976 0.09467006646783943
0.0 0.5282776848196284 0.8619669525251283 0.052537449435116845 0.04828323887781283
0.0 0.44144668753335603 0.7162331429530158 0.06690510306390307 0.09575220907571069
0.0 0.5114839224884253 0.6014407395027278 0.05784544357474364 0.04587851911100005
0.0 0.462614723290214 0.5668106180267001 0.07354830895741421 0.07719724973384512
0.0 0.35703716124130114 0.5679395395616623 0.05721736262336852 0.06774582435689136
0.0 0.2540555884866278 0.7966097167549182 0.012148060393718296 0.01139498872367073
0.0 0.35518280822568693 0.7695089871503465 0.010367085395795339 0.008511652304420192
