0.0 0.7611527546706482 0.845138999367836 0.060129653072851674 0.05856547512647792
0.0 0.6833913611067293 0.8069105832784227 0.07192710811813108 0.0549963460799483
0.0 0.7156312524023527 0.9489624249742361 0.06940635225925929 0.06887325173141834
0.0 0.5758172041281482 0.9855310054843869 0.06468120742952299 0.02893798903122613
0.0 0.5638031375326547 0.9351268199285674 0.07433560234240189 0.07108767539425631
0.0 0.5359294551403144 0.9148469778610399 0.050317508056656024 0.05654530910794531
0.0 0.472942251958869 0.9256472470780945 0.06406704660376661 0.06357494693596588
0.0 0.5080832610974332 0.9817859738545968 0.0492474191675214 0.03642805229080648
0.0 0.5069770285769962 0.7701166368439947 0.0790922953572945 0.08226439579074774
0.0 0.4243580464790393 0.8242080831743777 0.029182819697408047 0.02880122816109465
0.0 0.35251401958261086 0.8004173439647028 0.033073100046295156 0.031401604835008756
0.0 0.31577782472778765 0.9031065882385909 0.07206806475989846 0.06222299901463624
0.0 0.24707399258815566 0.9995935773030453 0.05820910552985484 0.0008128453939093561
0.0 0.20080416615115637 0.8359145287296629 0.04079009282302071 0.04228755699086295
0.0 0.11937807912694498 0.7835214231615844 0.06031846870226332 0.06820163035051685
0.0 0.0467971307196815 0.5966892521586356 0.04561134416661927 0.058337408234684696
