0.0 0.018251154353761966 0.29562041227271985 0.03650230870752393 0.07665745303535781
0.0 0.029981496846546364 0.3772056234600186 0.05996299369309273 0.060668167080409896
0.0 0.019748635975914808 0.527995448930899 0.039497271951829616 0.054837460366911506
0.0 0.06359339614690887 0.4538166141334058 0.07120777911259428 0.061179645601046495
0.0 0.08865612769241919 0.5957986162468238 0.057046031743088664 0.03575275038814407
0.0 0.11138247764872614 0.5368810893874155 0.05468478213850343 0.05410064672376258
0.0 0.14649866883023693 0.5002873899686764 0.058373305264641046 0.06435051924657925
0.0 0.1452991017101087 0.5766736899703018 0.05428673043682819 0.052297662246717724
0.0 0.19203706759740302 0.5162377964720363 0.05075175260625758 0.03950939802360992
0.0 0.18035778682598574 0.32638493787128664 0.06555747147442473 0.0710820149886488
0.0 0.20994692886053307 0.4177227647766501 0.04960411406641682 0.037539980273157525
0.0 0.27710751893810176 0.4960380630839799 0.08249795176275052 0.05423762054474701
0.0 0.32564045173584166 0.43662435389965376 0.06676224385844104 0.06362934231774531
0.0 0.4011089708231183 0.3693730517781961 0.06885702082850964 0.06666504877981011
0.0 0.3250007045600752 0.3857032479879859 0.08288582443429637 0.06890421618227904
0.0 0.2785525352654585 0.3496222677994678 0.07209907348963529 0.07166912250608115
0.0 0.26080356826267637 0.3937291634347337 0.05861023607525048 0.0815569206009964
