0.0 0.7000840082764626 0.14506199955940247 0.13938398659229279 0.15843600034713745
0.0 0.45054101943969727 0.1399179995059967 0.24729502201080322 0.14814800024032593
0.0 0.09758400917053223 0.2839510142803192 0.1618659496307373 0.25514400005340576
0.0 0.8709419965744019 0.46193400025367737 0.13938400149345398 0.1790120005607605
0.0 0.29654401540756226 0.4938270002603531 0.1146550178527832 0.11111101508140564
0.0 0.3594920039176941 0.5946499705314636 0.08318102359771729 0.10699594020843506
0.0 0.603413999080658 0.5596709847450256 0.13039201498031616 0.05761301517486572
0.0 0.8293509930372238 0.6625509858131409 0.0741879940032959 0.11934196949005127
0.0 0.9327659998089075 0.6512349843978882 0.1101589985191822 0.026749014854431152
0.0 0.8743139989674091 0.80246901512146 0.11465499550104141 0.10699605941772461
0.0 0.854081004858017 0.732509970664978 0.087677001953125 0.020576000213623047
0.0 0.6416319906711578 0.7757200002670288 0.1978359818458557 0.19753098487854004
0.0 0.5651960074901581 0.7685189843177795 0.09891802072525024 0.06378602981567383
0.0 0.33026599884033203 0.8179010152816772 0.087677001953125 0.08024704456329346
0.0 0.3156530261039734 0.9259260296821594 0.06294798851013184 0.053498029708862305
0.0 0.3988339900970459 0.9773659706115723 0.08542895317077637 0.041152000427246094
0.0 0.4696499705314636 0.9125509858131409 0.05170702934265137 0.04321002960205078
0.0 0.7281849980354309 0.9320989847183228 0.05620300769805908 0.02880704402923584
0.0 0.8068699985742569 0.8950620293617249 0.06519600749015808 0.02880704402923584
0.0 0.8653219938278198 0.904321014881134 0.06519600749015808 0.03497898578643799
0.0 0.21561098098754883 0.8477370142936707 0.16411399841308594 0.19341599941253662
0.0 0.0784749984741211 0.8919749855995178 0.0606999397277832 0.04321002960205078
0.0 0.17851698398590088 0.9742799997329712 0.07193994522094727 0.0473250150680542
