0.0 0.41278487950000287 0.10474302658730343 0.07932457639546475 0.11060012066048733
0.0 0.3737478396053501 0.237060968128415 0.0845168161700875 0.11201438293913041
0.0 0.7065658295083935 0.09682268206238775 0.05627219064413569 0.061555700574933925
0.0 0.46795434936281344 0.43765648757956355 0.04116964168771059 0.06254820669695155
0.0 0.9680982285294133 0.40786761257526494 0.0638035429411733 0.05914663912193968
0.0 0.052185533161182435 0.6217123011904544 0.05161196283749913 0.05856986471237191
0.0 0.16738449513273262 0.629430781187352 0.05385872754014093 0.03868314404200279
0.0 0.2564422796296351 0.3777345043617707 0.12628370320580265 0.09953401327019556
0.0 0.1972090756531504 0.42670007524712183 0.04831841140287152 0.053636287239912483
0.0 0.30158340548505624 0.48699686664783093 0.01869760568005402 0.01771025925012143
0.0 0.2593091255889395 0.42685315409038294 0.02669261034840778 0.021048446881716032
0.0 0.2790564286332562 0.43126405735188567 0.01959533012524911 0.013949737082770974
0.0 0.34673535962339275 0.3959260285829155 0.011246864973503912 0.011662840222741278
0.0 0.12478983484107985 0.17281422861194753 0.06476382617752033 0.03663180037006636
0.0 0.10693367366932871 0.17857018506748973 0.04834663689867924 0.08364520438435927
0.0 0.04346634654243328 0.761423835310596 0.06619532375362236 0.045605968057303214
0.0 0.007348727914955966 0.771398939979266 0.014697455829911932 0.03805442042968343
0.0 0.35181865989212496 0.7085914690023238 0.059500730388166057 0.04515217213469869
0.0 0.5222533486915582 0.6519067200115058 0.071526371055808 0.08621948837835569
0.0 0.5106066206313885 0.5329686343967612 0.06641478373221221 0.04360977339458627
0.0 0.5808644157902674 0.534651346084917 0.08210610831530774 0.07125961421363197
0.0 0.6915222900175212 0.5921083899155881 0.06292199593360004 0.061882099549945946
0.0 0.6762184927234904 0.809430888808398 0.013729577535263937 0.01063367986454078
0.0 0.5843159986730135 0.7359558407568996 0.011867036386793095 0.008058229097669956
