2.0 0.575710024147124 0.2631551150610484 0.16994005422723274 0.17607370824150087
0.0 0.9524296707301783 0.24613274878042907 0.06126579472691984 0.06284573718856953
0.0 0.8049503712326356 0.238044561177352 0.06126579472691995 0.06284573718856959
0.0 0.8861407990011664 0.4147940377024367 0.039992851219353254 0.043067776142530156
0.0 0.734637155186256 0.40327740451746746 0.0500828262675328 0.05020678530523437
0.0 0.3639550350020411 0.2789741994601176 0.053851010428726975 0.05553165743773825
0.0 0.47735790846938 0.44745069360877965 0.041817062605216226 0.0440628394125524
0.0 0.3453796769669175 0.42363311776162826 0.04546358487300761 0.04605202186116841
0.0 0.27809474713478477 0.45153310974723193 0.04619230356179643 0.04154496043826161
0.0 0.7582319649604917 0.5004529763220568 0.03233406553545626 0.029080998701933092
0.0 0.9158556368992103 0.5029421681262414 0.03415738182670702 0.030075607754786626
0.0 0.844173759340112 0.5578369283732303 0.04096562185761943 0.04523353868327673
0.0 0.5649288241807693 0.7012869525530248 0.03440138416017047 0.03674836071596144
0.0 0.9805232682140039 0.7279891237851487 0.03895346357199225 0.037391282382728264
