0.0 0.18038625951506437 0.1700835918651922 0.17975379284306445 0.1909617021199002
0.0 0.4778525563414264 0.18741139273280988 0.3072944796317934 0.18939282726601844
0.0 0.8853629993645391 0.381964454486723 0.21496860194822454 0.3017263796702115
0.0 0.020047057204965645 0.5103697045604727 0.04009411440993129 0.2140855021793765
0.0 0.6302015855593095 0.5994035323690957 0.14618239440985492 0.13548674898660606
0.0 0.5464626175458308 0.7068815320177138 0.10836091873514336 0.12794750312487702
0.0 0.25919488700400806 0.644983092982323 0.1602355357990342 0.07682173701672779
0.0 0.015323991100733247 0.7396793521655942 0.030647982201466493 0.14098947153261088
0.0 0.1948156049947115 0.8820448636517674 0.25274414591708394 0.23591027269646525
0.0 0.2864225486694826 0.8832305946398876 0.12331361738667243 0.08084449097245838
0.0 0.5617282843926981 0.9556657099115867 0.11137338367682048 0.08866858017682655
0.0 0.013883215187831876 0.9919284483297195 0.027766430375663752 0.016143103340561127
0.0 0.6955867278917056 0.9441745963269073 0.21224702714131805 0.11165080734618549
