2.0 0.6597679853439331 0.3405350148677826 0.13180804252624512 0.10493797063827515
0.0 0.07461899518966675 0.19238699972629547 0.03594803810119629 0.034979015588760376
0.0 0.2303919792175293 0.29835399985313416 0.047930002212524414 0.037037014961242676
0.0 0.4001449942588806 0.30041199922561646 0.047930002212524414 0.037037014961242676
0.0 0.2873089909553528 0.4681070148944855 0.02995598316192627 0.026749014854431152
0.0 0.462054967880249 0.46707800030708313 0.039942026138305664 0.028806984424591064
0.0 0.9004179835319519 0.3703700006008148 0.04193902015686035 0.03292196989059448
0.0 0.7516340017318726 0.5277780294418335 0.031954050064086914 0.026749014854431152
0.0 0.9054099917411804 0.5133739709854126 0.03594803810119629 0.026749014854431152
0.0 0.9793030023574829 0.5452669858932495 0.039942026138305664 0.020576000213623047
0.0 0.4241099953651428 0.560699999332428 0.027958989143371582 0.014402985572814941
0.0 0.24337297677993774 0.55246901512146 0.02995598316192627 0.014402985572814941
0.0 0.3192629814147949 0.6111109852790833 0.02995598316192627 0.02880704402923584
0.0 0.6228209733963013 0.770576000213623 0.025961995124816895 0.022634029388427734
0.0 0.142520010471344 0.7685189843177795 0.03594803810119629 0.018519043922424316
