2.0 0.30597079892416573 0.568154443993622 0.15697610575830623 0.16066822793249225
0.0 0.02590177170290566 0.31607894055293506 0.05180354340581132 0.05742772692214221
0.0 0.14121992519289056 0.4042410503722982 0.05661583981754646 0.057427733475136966
0.0 0.005729278840873385 0.47858707919346644 0.01145855768174677 0.03909121805805388
0.0 0.11550748732165234 0.5668671297636121 0.04632547162538514 0.046028917969533345
0.0 0.46172535063978 0.7143046261838892 0.04975280540911908 0.05070650864051418
0.0 0.292669539605786 0.7622341454052866 0.038599342398967285 0.04011355841444331
0.0 0.4060447188994145 0.8293053725508314 0.04203494487930848 0.042157166366106225
0.0 0.4444647433004839 0.8920576676114642 0.04290590690656809 0.03871649762714813
0.0 0.05026621053661559 0.6211445878214966 0.0300336519259154 0.027101062609509396
0.0 0.10223384680457423 0.8874943247893482 0.03173550350835237 0.03339188088459255
