0 0.155476 0.724316 0.049446 0.043478
0 0.244694 0.670773 0.073095 0.02657
0 0.223196 0.842271 0.055896 0.052335
0 0.398945 0.8938 0.048371 0.055556
0 0.404857 0.809662 0.062345 0.05153
0 0.43603 0.782689 0.034397 0.049114
0 0.513424 0.788728 0.051596 0.048309
0 0.47849 0.864815 0.041922 0.033011
0 0.453229 0.608374 0.060196 0.066023
0 0.559646 0.663527 0.023648 0.021739
0 0.64349 0.627697 0.027948 0.022544
0 0.700461 0.74525 0.066645 0.038647
0 0.798816 0.886151 0.046222 0.045089
0 0.831064 0.653462 0.031173 0.033816
0 0.922969 0.58277 0.040847 0.059581
0 0.987689 0.353981 0.024622 0.056481
