0 0.299916 0.145062 0.139384 0.158436
0 0.549459 0.139918 0.247295 0.148148
0 0.902416 0.283951 0.161866 0.255144
0 0.129058 0.461934 0.139384 0.179012
0 0.703456 0.493827 0.114655 0.111111
0 0.640508 0.59465 0.083181 0.106996
0 0.396586 0.559671 0.130392 0.057613
0 0.170649 0.662551 0.074188 0.119342
0 0.067234 0.651235 0.110159 0.026749
0 0.125686 0.802469 0.114655 0.106996
0 0.145919 0.73251 0.087677 0.020576
0 0.358368 0.77572 0.197836 0.197531
0 0.434804 0.768519 0.098918 0.063786
0 0.669734 0.817901 0.087677 0.080247
0 0.684347 0.925926 0.062948 0.053498
0 0.601166 0.977366 0.085429 0.041152
0 0.53035 0.912551 0.051707 0.04321
0 0.271815 0.932099 0.056203 0.028807
0 0.19313 0.895062 0.065196 0.028807
0 0.134678 0.904321 0.065196 0.034979
0 0.784389 0.847737 0.164114 0.193416
0 0.921525 0.891975 0.0607 0.04321
0 0.821483 0.97428 0.07194 0.047325
