2 0.659768 0.340535 0.131808 0.104938
0 0.074619 0.192387 0.035948 0.034979
0 0.230392 0.298354 0.047930 0.037037
0 0.400145 0.300412 0.047930 0.037037
0 0.287309 0.468107 0.029956 0.026749
0 0.462055 0.467078 0.039942 0.028807
0 0.900418 0.370370 0.041939 0.032922
0 0.751634 0.527778 0.031954 0.026749
0 0.905410 0.513374 0.035948 0.026749
0 0.979303 0.545267 0.039942 0.020576
0 0.424110 0.560700 0.027959 0.014403
0 0.243373 0.552469 0.029956 0.014403
0 0.319263 0.611111 0.029956 0.028807
0 0.622821 0.770576 0.025962 0.022634
0 0.142520 0.768519 0.035948 0.018519