0 0.311458 0.141829 0.054958 0.099620
0 0.308766 0.279759 0.060344 0.099611
0 0.592708 0.056574 0.044177 0.051722
0 0.061997 0.053708 0.019401 0.019157
0 0.452622 0.448338 0.026943 0.057472
0 0.934302 0.285505 0.070042 0.042139
0 0.200466 0.019222 0.085130 0.030648
0 0.100253 0.735699 0.039870 0.049806
0 0.213398 0.712708 0.048495 0.026824
0 0.232794 0.446426 0.110995 0.072796
0 0.188602 0.509301 0.037693 0.045287
0 0.305198 0.539880 0.015521 0.014111
0 0.248536 0.493042 0.023458 0.015398
0 0.268747 0.492079 0.017682 0.009620
0 0.324685 0.440116 0.009026 0.009620
0 0.051680 0.283569 0.061349 0.021176
0 0.035979 0.293838 0.028510 0.078917
0 0.128755 0.872750 0.060198 0.030796
0 0.085016 0.895074 0.031615 0.030796
0 0.412193 0.740329 0.052833 0.032343
0 0.561596 0.640630 0.053703 0.074685
0 0.518940 0.528995 0.061057 0.028491
0 0.587146 0.512056 0.070156 0.054667
0 0.709052 0.538236 0.051531 0.050046
0 0.751708 0.751880 0.012125 0.007704
0 0.643659 0.705296 0.010828 0.005389
