0 0.124295 0.543957 0.029187 0.041910
0 0.228718 0.356335 0.046050 0.070175
0 0.235852 0.446491 0.043456 0.053606
0 0.194342 0.598051 0.038267 0.048733
0 0.250121 0.533236 0.052536 0.051657
0 0.244932 0.685283 0.044753 0.026316
0 0.274443 0.629727 0.038915 0.047758
0 0.310116 0.600000 0.040213 0.058480
0 0.295198 0.678460 0.038915 0.045809
0 0.344816 0.626803 0.038267 0.032164
0 0.369786 0.428460 0.045401 0.064327
0 0.377569 0.529337 0.037618 0.030214
0 0.418755 0.625341 0.064211 0.040936
0 0.469669 0.575146 0.047996 0.055556
0 0.544257 0.523002 0.049293 0.058480
0 0.478425 0.522515 0.061616 0.057505
0 0.446644 0.474756 0.051239 0.063353
0 0.423944 0.516179 0.036970 0.077973